# Created by Octave 4.4.1, Sat Apr 27 16:39:11 2019 EDT <janke@angharad.local>
# name: iris
# type: scalar struct
# ndims: 2
 1 1
# length: 5
# name: SepalLength
# type: matrix
# rows: 150
# columns: 1
 5.0999999999999996
 4.9000000000000004
 4.7000000000000002
 4.5999999999999996
 5
 5.4000000000000004
 4.5999999999999996
 5
 4.4000000000000004
 4.9000000000000004
 5.4000000000000004
 4.7999999999999998
 4.7999999999999998
 4.2999999999999998
 5.7999999999999998
 5.7000000000000002
 5.4000000000000004
 5.0999999999999996
 5.7000000000000002
 5.0999999999999996
 5.4000000000000004
 5.0999999999999996
 4.5999999999999996
 5.0999999999999996
 4.7999999999999998
 5
 5
 5.2000000000000002
 5.2000000000000002
 4.7000000000000002
 4.7999999999999998
 5.4000000000000004
 5.2000000000000002
 5.5
 4.9000000000000004
 5
 5.5
 4.9000000000000004
 4.4000000000000004
 5.0999999999999996
 5
 4.5
 4.4000000000000004
 5
 5.0999999999999996
 4.7999999999999998
 5.0999999999999996
 4.5999999999999996
 5.2999999999999998
 5
 7
 6.4000000000000004
 6.9000000000000004
 5.5
 6.5
 5.7000000000000002
 6.2999999999999998
 4.9000000000000004
 6.5999999999999996
 5.2000000000000002
 5
 5.9000000000000004
 6
 6.0999999999999996
 5.5999999999999996
 6.7000000000000002
 5.5999999999999996
 5.7999999999999998
 6.2000000000000002
 5.5999999999999996
 5.9000000000000004
 6.0999999999999996
 6.2999999999999998
 6.0999999999999996
 6.4000000000000004
 6.5999999999999996
 6.7999999999999998
 6.7000000000000002
 6
 5.7000000000000002
 5.5
 5.5
 5.7999999999999998
 6
 5.4000000000000004
 6
 6.7000000000000002
 6.2999999999999998
 5.5999999999999996
 5.5
 5.5
 6.0999999999999996
 5.7999999999999998
 5
 5.5999999999999996
 5.7000000000000002
 5.7000000000000002
 6.2000000000000002
 5.0999999999999996
 5.7000000000000002
 6.2999999999999998
 5.7999999999999998
 7.0999999999999996
 6.2999999999999998
 6.5
 7.5999999999999996
 4.9000000000000004
 7.2999999999999998
 6.7000000000000002
 7.2000000000000002
 6.5
 6.4000000000000004
 6.7999999999999998
 5.7000000000000002
 5.7999999999999998
 6.4000000000000004
 6.5
 7.7000000000000002
 7.7000000000000002
 6
 6.9000000000000004
 5.5999999999999996
 7.7000000000000002
 6.2999999999999998
 6.7000000000000002
 7.2000000000000002
 6.2000000000000002
 6.0999999999999996
 6.4000000000000004
 7.2000000000000002
 7.4000000000000004
 7.9000000000000004
 6.4000000000000004
 6.2999999999999998
 6.0999999999999996
 7.7000000000000002
 6.2999999999999998
 6.4000000000000004
 6
 6.9000000000000004
 6.7000000000000002
 6.9000000000000004
 5.7999999999999998
 6.7999999999999998
 6.7000000000000002
 6.7000000000000002
 6.2999999999999998
 6.5
 6.2000000000000002
 5.9000000000000004


# name: SepalWidth
# type: matrix
# rows: 150
# columns: 1
 3.5
 3
 3.2000000000000002
 3.1000000000000001
 3.6000000000000001
 3.8999999999999999
 3.3999999999999999
 3.3999999999999999
 2.8999999999999999
 3.1000000000000001
 3.7000000000000002
 3.3999999999999999
 3
 3
 4
 4.4000000000000004
 3.8999999999999999
 3.5
 3.7999999999999998
 3.7999999999999998
 3.3999999999999999
 3.7000000000000002
 3.6000000000000001
 3.2999999999999998
 3.3999999999999999
 3
 3.3999999999999999
 3.5
 3.3999999999999999
 3.2000000000000002
 3.1000000000000001
 3.3999999999999999
 4.0999999999999996
 4.2000000000000002
 3.1000000000000001
 3.2000000000000002
 3.5
 3.1000000000000001
 3
 3.3999999999999999
 3.5
 2.2999999999999998
 3.2000000000000002
 3.5
 3.7999999999999998
 3
 3.7999999999999998
 3.2000000000000002
 3.7000000000000002
 3.2999999999999998
 3.2000000000000002
 3.2000000000000002
 3.1000000000000001
 2.2999999999999998
 2.7999999999999998
 2.7999999999999998
 3.2999999999999998
 2.3999999999999999
 2.8999999999999999
 2.7000000000000002
 2
 3
 2.2000000000000002
 2.8999999999999999
 2.8999999999999999
 3.1000000000000001
 3
 2.7000000000000002
 2.2000000000000002
 2.5
 3.2000000000000002
 2.7999999999999998
 2.5
 2.7999999999999998
 2.8999999999999999
 3
 2.7999999999999998
 3
 2.8999999999999999
 2.6000000000000001
 2.3999999999999999
 2.3999999999999999
 2.7000000000000002
 2.7000000000000002
 3
 3.3999999999999999
 3.1000000000000001
 2.2999999999999998
 3
 2.5
 2.6000000000000001
 3
 2.6000000000000001
 2.2999999999999998
 2.7000000000000002
 3
 2.8999999999999999
 2.8999999999999999
 2.5
 2.7999999999999998
 3.2999999999999998
 2.7000000000000002
 3
 2.8999999999999999
 3
 3
 2.5
 2.8999999999999999
 2.5
 3.6000000000000001
 3.2000000000000002
 2.7000000000000002
 3
 2.5
 2.7999999999999998
 3.2000000000000002
 3
 3.7999999999999998
 2.6000000000000001
 2.2000000000000002
 3.2000000000000002
 2.7999999999999998
 2.7999999999999998
 2.7000000000000002
 3.2999999999999998
 3.2000000000000002
 2.7999999999999998
 3
 2.7999999999999998
 3
 2.7999999999999998
 3.7999999999999998
 2.7999999999999998
 2.7999999999999998
 2.6000000000000001
 3
 3.3999999999999999
 3.1000000000000001
 3
 3.1000000000000001
 3.1000000000000001
 3.1000000000000001
 2.7000000000000002
 3.2000000000000002
 3.2999999999999998
 3
 2.5
 3
 3.3999999999999999
 3


# name: PetalLength
# type: matrix
# rows: 150
# columns: 1
 1.3999999999999999
 1.3999999999999999
 1.3
 1.5
 1.3999999999999999
 1.7000000000000002
 1.3999999999999999
 1.5
 1.3999999999999999
 1.5
 1.5
 1.6000000000000001
 1.3999999999999999
 1.1000000000000001
 1.2
 1.5
 1.3
 1.3999999999999999
 1.7000000000000002
 1.5
 1.7000000000000002
 1.5
 1
 1.7000000000000002
 1.8999999999999999
 1.6000000000000001
 1.6000000000000001
 1.5
 1.3999999999999999
 1.6000000000000001
 1.6000000000000001
 1.5
 1.5
 1.3999999999999999
 1.5
 1.2
 1.3
 1.5
 1.3
 1.5
 1.3
 1.3
 1.3
 1.6000000000000001
 1.8999999999999999
 1.3999999999999999
 1.6000000000000001
 1.3999999999999999
 1.5
 1.3999999999999999
 4.7000000000000002
 4.5
 4.9000000000000004
 4
 4.5999999999999996
 4.5
 4.7000000000000002
 3.2999999999999998
 4.5999999999999996
 3.8999999999999999
 3.5
 4.2000000000000002
 4
 4.7000000000000002
 3.6000000000000001
 4.4000000000000004
 4.5
 4.0999999999999996
 4.5
 3.8999999999999999
 4.7999999999999998
 4
 4.9000000000000004
 4.7000000000000002
 4.2999999999999998
 4.4000000000000004
 4.7999999999999998
 5
 4.5
 3.5
 3.7999999999999998
 3.7000000000000002
 3.8999999999999999
 5.0999999999999996
 4.5
 4.5
 4.7000000000000002
 4.4000000000000004
 4.0999999999999996
 4
 4.4000000000000004
 4.5999999999999996
 4
 3.2999999999999998
 4.2000000000000002
 4.2000000000000002
 4.2000000000000002
 4.2999999999999998
 3
 4.0999999999999996
 6
 5.0999999999999996
 5.9000000000000004
 5.5999999999999996
 5.7999999999999998
 6.5999999999999996
 4.5
 6.2999999999999998
 5.7999999999999998
 6.0999999999999996
 5.0999999999999996
 5.2999999999999998
 5.5
 5
 5.0999999999999996
 5.2999999999999998
 5.5
 6.7000000000000002
 6.9000000000000004
 5
 5.7000000000000002
 4.9000000000000004
 6.7000000000000002
 4.9000000000000004
 5.7000000000000002
 6
 4.7999999999999998
 4.9000000000000004
 5.5999999999999996
 5.7999999999999998
 6.0999999999999996
 6.4000000000000004
 5.5999999999999996
 5.0999999999999996
 5.5999999999999996
 6.0999999999999996
 5.5999999999999996
 5.5
 4.7999999999999998
 5.4000000000000004
 5.5999999999999996
 5.0999999999999996
 5.0999999999999996
 5.9000000000000004
 5.7000000000000002
 5.2000000000000002
 5
 5.2000000000000002
 5.4000000000000004
 5.0999999999999996


